46.037489822718285 4.491030481793842 9.233491688433292
46.77221987833604 4.3842272849374515 6.810849867664731
52.35928940847161 3.662256245566921 10.556380590643975
68.79849119490149 3.5628917628472268 10.27087001989435
78.56994114027391 3.817107411531157 9.937277690465695
95.3430799909665 3.6789111367358194 6.246945417969332
109.55476633511768 4.44150868938897 6.466028463667028
124.16797742370926 3.8772825857923325 10.302640302381255
133.93736352613524 4.450639101864744 10.791192227828653
141.26464471837988 4.259580819382699 10.001217891399588
142.45999113984212 3.7204866480585568 8.527451967992821
154.9687606066015 3.892118080202571 6.000008774623945
157.2267944240978 4.020640384738288 9.181463296982914
181.3242535537159 3.6997225985989273 8.4859913411853
190.92437787227573 4.320729351001174 10.332654107637001
194.9342436551892 4.030149250849309 7.223604939553409
202.2437168071957 3.657147684613414 10.407812008844042
215.27866381070004 3.636811905163617 7.753346019316531
268.00582855403144 4.387853518157982 9.08514693128055
273.1454471068502 4.137680403590504 6.011863967072973
279.3740595004955 3.7333718245116434 8.850778153375877
280.48269916631625 3.5835235446814093 7.70909868661333
299.2627145743941 3.894373579954704 9.134841451477413
299.6637538519959 4.127720445714381 9.47635113678155
321.4327098937619 3.5069812341948436 6.952222202440889
324.2275076973515 4.362134029817766 8.368652023327378
325.5955358608799 3.7057186941739264 7.160930009825506
329.0660589892899 4.016449086182179 9.410787702303342
331.85664862418815 3.539564722259254 6.0725966804927225
332.38303043442284 3.7956492622291353 8.88529402059251
340.7692888454868 3.5208232169998697 7.589242927367755
367.4243108535656 4.189911254167597 10.440134363312296
380.8500328536526 3.570061227778554 9.054583921316036
381.3661309481414 3.817964345694544 9.347508252946506
387.82521114189194 3.6316681892163194 9.892992658476961
407.4051076644033 3.680546982125168 8.877696265446005
413.5636187799848 4.279021750892148 6.760923588418978
418.7769579760811 4.05277801162577 7.801914536635726
436.3649006603729 3.6961654945974463 9.880329599315035
448.4559252242664 4.078700055083338 9.390344945783964
464.2061266854536 3.7816412770889283 10.578499163591205
488.65066798571587 4.049204034904951 10.764104803215798
491.2646235762689 4.311852157482649 9.003241434244922
494.3091763435376 3.7290242642570526 7.845896023810759
495.75126326771124 3.7631030604548923 10.215116242422278
514.3259839202069 4.277459046901675 6.161302526322164
545.2164193542322 3.8557955659059067 7.1914404765754245
551.5307273679213 3.5906875541597705 7.383273008108185
552.9908646382872 4.147431573728015 6.732235490718994
555.413985593091 3.8763493923957304 6.541489074188156
557.8860089752574 3.685300434145783 8.290560200492404
560.6908876719185 4.16950911679488 10.411391530110016
582.165437337822 3.599658522786868 6.010544064332031
591.1800801796192 4.472137571221132 7.69798424404168
618.6463846509669 4.4664679760395245 7.397225589446069
618.8358102487875 4.025712335838248 8.572079484389313
654.3445010088141 4.216664801634481 6.32298847460572
656.7488629265243 3.796009897101339 7.52521925617467
664.6382126463793 4.171007427849005 9.69502394757461
669.6814253720378 4.02281601180089 6.080871574670875
676.9251374369162 4.057744819748594 8.178428354355404
689.0571244428061 3.7499813790110594 7.412571699421925
702.5566942910609 4.2293393656661 8.208052830945011
703.119976790438 4.393663767399115 9.373296831015367
711.2577667596194 3.727815683697191 7.536708020560292
736.2877675149838 4.403013163652415 9.77552117112273
741.4125851502201 4.066285163382847 10.090165480261671
761.3776724973826 4.3112902610660475 6.742129070488227
770.9557280640321 4.434301904810478 8.280624944160706
799.676847367486 4.431589910319949 10.253754960236808
800.3630346112974 4.132239991029024 8.909123031914422
807.2244476890609 4.170210723316456 9.17448428651483
808.9122616610263 3.8557613668507624 7.494962718776249
820.9707681485289 3.798639794283033 6.079521795737661
826.9287764804161 4.217107451470217 8.814162376724859
830.5507428577548 3.526710571908516 6.022442025644097
854.0722463638189 4.245442739726874 7.800425628571278
859.5390738822689 3.9242953891096457 8.590537756175546
875.1677399240778 4.0049228853731895 7.73772663507077
887.3302410706746 3.9945883973435867 6.320364378766253
903.8351875811795 4.200988630277321 10.285935387672223
912.358950600353 4.026023441827842 6.2238142409867265
921.1106775572061 3.920175792399399 7.41465444651396
944.9420119113323 3.801457446441639 8.211135049904009
978.2622375351068 3.510837303392062 8.7069813330174
986.4900889802045 3.7790817330390234 10.75050316223861
991.5813463397408 3.799923639175276 8.270442204734763
1002.3715888779029 3.7140767910901538 9.765733012566768
1019.9056417753259 3.7484861802136367 6.116237157356061
1021.0259517731298 4.184691488368755 8.822497945704175
1025.3991010063676 3.894242299999283 10.686037191675599
1027.5069345067825 3.7491831899605983 6.25856577529921
1028.8352724243543 4.300394024449914 9.934944560574966
1073.6543185306166 3.7778481462894464 10.23158215956266
1092.8153720315293 3.514812043078857 9.56337799011112
1100.19756533913 3.58105964162821 7.518913857453924
1101.7654096214294 4.4950921607219865 8.633545400990942
1103.462495514294 4.174118300980978 7.701752629073922
1110.1679327444465 3.8990960065103977 10.026247746848355
1111.8733936513167 3.6629669841608767 8.145514577791758
1139.0434755716205 4.259461211747724 6.882995891531814
1147.0803300030655 3.742694515546499 7.868765891368085
1154.374636180697 3.734226559045606 8.363453873976942
1198.3530951600476 4.385549235939407 8.05389749374701
1198.7239001976252 3.51844476588527 9.651335260223053
1200.2550755412565 3.756459588458851 8.462704727182828
1208.2552862834805 3.722240867135408 7.590753157663783
1230.1409995230083 4.455922518693008 6.058598500820391
1236.4360986202757 3.953552199073523 10.355182651298946
1250.2194144448147 4.400349404515036 7.817406551714399
1253.4609881036888 3.923746839137578 7.395590534768805
1256.2145258457592 3.840246269801052 6.838348229148226
1293.9320842636469 3.9811311012868704 6.094785094280782
1323.2972084587395 4.2742523171233815 6.101962008254095
1346.3497629969463 4.1239846882263125 10.554813312534648
1347.0261691090798 4.090354123434842 8.608716254243681
1366.1975178724047 4.276648484821985 8.978383950895644
1377.1614015071048 3.72838806143712 8.598485375989066
1388.1723896906624 4.40532933378105 8.78299200450543
1421.5429181601223 4.182285526699587 9.977843270215324
1426.3860519199136 4.260251489425835 10.514091070602866
1450.806848635566 3.5537568071447825 9.235181003500092
1469.8861254193862 3.523783506260403 6.2065900539173535
1481.7785420410935 4.4816246002010285 6.203638249151234
1489.7997697765811 3.924737352002352 8.797579229679155
1492.426504362502 3.738136269371637 6.783153409334347
1495.4825119953791 4.287437038918471 9.900819863640065
1510.0453586334822 4.044991923816809 10.007976360592377
1510.8249808635032 3.9515623131032953 7.802707449396577
1522.7717102212584 4.11383501366875 8.566392751333762
1537.955743115754 4.111374154257487 7.681551519184233
1540.8164999700384 3.864433000627338 6.132659344677454
1547.866747118711 4.145176526710987 7.907073212943371
1571.755100410707 3.9532547675103973 6.533821742372532
1575.8816415381882 3.878530776092709 7.605261134386366
1590.4775355417642 3.5779232698754218 9.541961975976665
1592.152672080622 4.473218265119183 6.176863435554081
1594.944980453855 3.546951298549275 9.423703560375396
1603.5219310927166 4.435252953970538 6.012386745437452
1605.2181875700685 4.135311628539752 10.691104410712715
1605.468859258629 4.420250883670209 6.760620292160699
1611.843910232804 3.7817874845474213 6.649743395032165
1616.6954202049476 4.432105166865073 10.373979024899434
1619.5017818483605 3.72224748441804 10.788453174662164
1671.385770362963 4.399054464005034 9.988600037466483
1672.9887203428264 3.9637983022360768 6.532667760302134
1679.5750619653675 3.7754308579461187 9.306782238410806
1694.2520581353212 4.00287003504531 10.677465739094698
1694.8677479288408 4.438084244544172 6.498435073022189
1695.875592289034 4.3206559691027415 6.627300473888987
1738.3448680633978 4.462329117297049 9.711104998616053
1763.407560245062 3.5904170697635602 7.145012846539927
1780.6366558299342 4.08490116392548 9.17337519737665
1786.010163914275 3.978021175065676 10.27974740299772
1791.4314205099834 3.781291345920557 7.075450174393742
1793.6401179246031 4.170182648701713 10.758852889819158
1819.354823919895 3.762195290982156 9.997469711404214
1833.4357804032531 4.463177832569664 9.281333305891746
1835.5941688696548 3.9495786310612884 8.679618350260794
1848.9889365683657 3.7774749822862392 9.867205941137172
1854.7141295001036 3.5131656728291554 9.06713778050813
1854.9905079790285 4.276640905872436 7.994466135695525
1861.0533496270466 4.151811759462672 8.363280175482519
1865.6817702928467 3.994316017721416 6.089534792930898
1876.3514690261388 4.368337740306276 9.464250017960339
1876.8739569225672 4.321099638317969 6.723499058710219
1893.991480908112 4.346143240456249 6.919416356021966
1897.1949256150035 3.6191516511106454 10.434659568430735
1898.5727282778075 4.462414028656873 8.026979724508884
1899.4891719573693 3.8429287919559947 7.030853106177393
1909.6035965549897 4.355425254546209 6.019807673391477
1912.9155195525327 4.084176834486325 7.242802861930578
1930.391826216033 4.054972442322422 10.75273292769658
1930.8773894923 4.262381076757736 9.948817127567514
1931.6293615771738 3.6940923725690284 8.65743671189036
1950.7650678539546 4.479847070422945 9.821072853352216
1955.2568260577648 4.149545267991858 10.403851218830656
1957.2590083839023 3.8148404814861943 9.775006787941457
1957.6200201241095 4.2225438277707195 6.634506348740016
2001.891624398188 4.125352919245611 7.342611962701046
2006.8842116198916 4.32774371596905 6.467755745774347
2007.8752393936834 3.5347019853963686 6.3536027997982085
2039.308451146711 3.6490282519925623 7.7174911110844056
2050.4785407320137 3.8987744639428397 10.012514441005223
2054.5725953386464 4.255267028729464 6.215467921930244
2055.7761179059094 4.397248082836099 8.513861751147592
2056.399863829807 3.9847710135463723 9.008725916037175
2057.1802064919357 4.109554326146059 8.487226333682015
2072.986659782235 4.096814067804013 6.000447429591914
2076.8844602800405 4.104278344296667 8.261451452106218
2082.9149103386685 4.238580889565737 8.353726384499184
2086.946943300199 3.7460151354508713 7.269567553282526
2091.3793235908665 4.318275009602966 6.740185156427418
2091.950034306454 3.8725497666044935 6.7358526798469995
2105.6555976911986 3.873383493983053 7.79795123298944
2107.6831383032254 4.485197733031655 7.244827936301441
2122.1560217775723 4.49530395980872 8.327810394441808
2123.5226976491726 3.6888068047465286 10.337794428399402
2175.59304109597 3.85876184341032 7.136168497633321
2195.666050757122 3.929162281864624 9.583539679216159
2201.9446977669827 3.5213908500853237 7.83496996821375
2204.473517808292 3.5473515163075255 7.888409955143283
2212.1073721559637 4.3854943331153775 6.218909294647094
2213.808736243506 3.948001238234551 10.041390380936804
2213.8722903824646 3.809479914373654 7.905575338760404
2221.3892674059784 3.543269864119104 8.460261371295555
2222.2153308125075 3.809770951754861 7.941512362967304
2247.829622678193 3.8721495089756512 6.7713075495889
2267.95627237074 4.42001510800752 6.348591630987794
2269.220712539176 3.7369045762439885 8.404854975572373
2271.588708062529 4.228977351210772 8.630609502028657
2282.856907304179 4.348274153314083 8.28448864298709
2292.7959457425536 3.7427984505659517 8.920192808878053
2299.4657029113255 4.424404814510751 6.779602830574278
2304.92840941175 4.23623216792677 8.785668067340172
2310.446098889373 3.9979237241031607 9.221805046235195
2315.7766592322064 4.423796545817687 10.998667857225179
2326.036328381622 3.991038860689062 7.154116337687885
2339.596316375358 4.11992931448512 7.469246047158367
2345.694659916491 3.8733185620041284 9.682551409941222
2357.8586867297613 3.868381864081614 10.484464192034741
2376.7680286965947 3.737766688459005 9.596583211938283
2381.7628764807514 3.966151610837829 8.653973035271623
2392.201788455776 4.357095783266483 8.558563010646719
2393.4509411472195 4.400473383026586 7.8550464926313035
2396.6191798933687 3.9707677828860355 10.634093888826111
2424.005941394773 3.962695776618748 6.444286417602356
2431.6910977748785 4.3056101916119145 7.728564279859808
2432.8546852096524 3.804253569526704 8.134335491672338
2455.40649645667 3.880450959055702 7.564615267139388
2459.8939820677087 3.8748100589197776 8.829125922187362
2475.2740864183543 4.287612417093272 9.892134702761526
2486.070002861154 3.9300151137331776 7.433310084437666
2535.46649508688 4.180169165626169 7.589932394964295
2581.2046494117294 4.384185693266934 9.574120786081348
2581.575675502402 4.457402887259913 10.929715402036711
2581.786148478472 4.1982023779801665 7.487748084924023
2584.3941300089505 4.031058488287535 6.875858751289088
2595.999971855883 4.29962358309905 7.441270090720816
2605.324006811703 4.362267438497403 9.411394654813837
2607.747684947073 4.39988330872213 7.853155568921401
2617.312714224619 4.426429478948235 7.934948161014368
2636.4935948835355 4.208112618573484 8.999446607525499
2640.6638454704002 4.2942817549670185 8.324532934820898
2643.9208504985677 3.734004519254733 8.61151532274056
2653.703002216654 3.5240637018299843 9.041914119349027
2658.3487902693114 4.007421591497514 9.767325830190353
2692.56878346328 3.729436559617828 6.019959558866989
2701.597823580418 3.5569067973711075 10.14146983332617
2716.1551305642715 4.091047870534244 8.12414151337159
2730.758807468647 4.343106086422239 9.579658408279501
2736.864566561313 3.8640370705564804 7.626662430368932
2744.4916707707735 4.468759608252967 7.785946254553596
2748.6413401490713 3.5177568129780115 7.9602905093979235
2756.772644169855 3.7972912931243243 10.770440286407917
2775.142877035682 4.350718981598932 6.324858542263314
2777.351549570017 4.2643006736513485 7.619602911644782
2779.225115275555 4.4229329419981225 9.824268132008227
2783.7422903465376 4.3353459458754715 9.42350706366242
2792.666757414086 3.6351397041643834 9.459127932554738
2797.6835308341165 3.752441355309369 6.089347270922972
2802.3279891731786 3.8604763510605293 9.787965284499055
2809.948673984515 3.776328892756753 9.948791921772566
2813.035226697711 4.280774137000563 10.148401690639231
2832.705451325293 4.233360029159362 8.337829793288591
2839.968031650679 3.7158705409817214 7.550195248538499
2842.1021635458355 4.333071487653557 10.92152592484282
2848.713383120032 3.5138640559094845 10.482354914304487
2850.371018437122 4.3726103633307805 8.85560579616858
2860.6119879074363 3.5349586625938323 6.3434034950266796
2867.447769946961 3.615689734469449 7.5399701651039965
2878.131386234251 3.789770384457067 6.977056794166122
2881.0100492982774 4.221936745756542 7.963548739438297
2885.1865637761034 3.9784704861076294 7.5113243340516025
2887.0877076498205 4.170985339470504 6.3225617112232415
2896.1187112419634 3.9629037116686137 7.325474189616051
2904.5110133374574 3.9676278338088378 8.346792453930231
2944.9804560917764 3.9304847194177124 7.196494307391178
2945.0663697050577 3.81845141818483 6.149571410830221
2945.453891094792 4.465418813390423 6.454553096644885
2946.664835323832 3.594905833491074 10.061009618378879
2980.0469587281477 3.72006157382989 8.44430033241856
2985.108471375874 4.290512906436901 10.256762062917808
2985.2392955077958 4.057755920812672 9.421976392756992
2992.4885067064292 3.9961691143832407 9.663369026705324
3002.3933352554013 3.5566641812726227 10.973380656241893
3015.192465673795 3.5588645416402676 9.744801724975833
3027.8458287168264 4.490308500072586 8.973681092497117
3030.3622485415367 3.8661392512354142 9.715168429052083
3064.5024879221955 3.5568903618393763 9.400747965195318
3066.733590948357 3.5978583864509908 7.130268955947068
3070.558996768511 4.190024069651237 6.1124950741200745
3073.207646997833 4.202418089213976 10.755507134177977
3075.7362936548934 4.372206350375442 8.103977211962915
3104.797709822261 4.136635475735082 8.991545031314136
3120.623712942057 3.602780167250238 8.642027768185745
3121.3425182434266 4.058601364786199 9.290607903470367
3122.907302272628 4.16671570523693 9.138212996212856
3123.015720874642 4.455337526852061 8.421197266392529
3128.3987425808336 4.358978917642421 9.36471931155966
3134.7315758549003 3.8355623315839225 7.58125557926592
3140.161184122712 3.589180165631576 6.833973647648556
3145.199212049151 3.859792813763009 6.875114855964209
3147.575715256238 3.5256847573172925 7.996740828278379
3160.3764835361144 3.679758671922961 9.9244461759589
3166.3457540062245 3.8491656745844507 6.857371126979366
3168.814903586275 4.047977664825343 10.375276750462014
3200.5712226201376 4.025857837586004 9.661558954017476
3211.359895653135 4.466028860597768 6.655752068788589
3233.3388524035145 3.6567127363224534 6.950775181907197
3239.6873334352977 3.73999548497348 6.446219046845619
3240.965678477295 4.21649767896137 8.84175513694238
3248.0626367858445 4.124422856364599 6.4549522078676835
3252.8718711996235 4.304736428212873 9.778293915288817
3255.9778375065666 4.059676881831542 10.5609072493634
3272.3348400733103 3.51739789153441 9.447866766511602
3278.6062328500752 4.418064538814601 7.1351579266980005
3298.317012102867 4.230018181044584 10.84895177413504
3299.587592057316 4.212980145587952 6.557857535797514
3300.4507009998347 3.812916709031213 9.502829980861435
3308.405485242155 4.295541828304401 9.105766958158505
3310.3011829560965 3.811032965014049 6.157950297697975
3322.5849223082864 4.012140789976476 7.769170651411537
3324.4112266224456 3.7347055957953406 10.010833343592793
3358.958362454129 3.8877325924969175 9.352836705272944
3364.993331742264 3.8377329192417378 9.7278883978707
3365.987054338536 3.6256749010171183 6.000346312635752
3368.493396843554 4.0369419699209494 8.48549984439876
3374.7501056002648 3.6128096894468973 6.812619114812509
3382.431216432611 3.924590308143375 9.499423146772834
3386.5705846640008 4.300939857199859 8.73899038727292
3388.7282844250217 4.147023621243562 6.077205560219476
3405.703358427993 3.5676022968096275 9.829736575040577
3417.573592651402 4.424813377943553 8.742850296726917
3424.4286241827813 3.9341283276486365 9.12165508256666
3427.165974981143 3.7452515727478684 7.010522542164995
3438.0128773585134 4.418689022671555 6.924041904455355
3439.4425327907675 3.9366592624275367 8.788383769156473
3440.9749020583045 4.324571065729354 7.21566817305605
3485.741617433855 4.303993418921185 8.711237729743388
3506.6375304794374 3.7229828154918483 9.884093672122791
3519.733015325473 4.037477879232937 6.522508048942319
3527.214605358012 4.301248756709416 8.37261920830587
3528.2745897845125 4.302616438300225 9.750009245425655
3535.59835239749 4.2324472287568975 8.874166625359319
3537.0199800655864 3.7391249021705124 10.63460028311253
3549.360769615146 4.4144943193668755 6.50176434486914
3551.5108265928807 3.671401941691027 6.216314233269363
3567.378675650848 4.373107116048407 10.297291065011535
3568.5684985065886 4.487065914520021 6.874993079949015
3581.3715837032637 3.6864285798583456 9.50027949912059
3581.5435373874748 4.113258003650503 10.043646279960921
3586.1251773270687 4.064427140697757 9.117616108199401
3596.317860087457 4.191820901187463 9.176715045045029
3623.2100278490707 3.716183449093192 8.837697341104125
3648.5555715745786 3.6758954165554947 6.241230835421517
3648.704907451029 3.8154157851299573 10.559970894227266
3650.945560476002 3.6485892442904735 7.051767433861038
3663.119637118685 3.8319523268244997 7.269608836831391
3681.005538409277 3.964711369478947 10.829997933276797
3686.514257699057 3.684164290160279 9.7566867490643
3690.0053113182553 4.405596319376899 9.70971480427657
3701.567561117562 3.6870330315876894 9.505211678578624
3714.4196823538396 3.7894327540999715 9.914557031064572
3723.0070789484375 4.306472984466708 7.64040770764616
3743.435085055598 4.2653857545695 6.583136665059978
3765.1809127654133 4.322771050336586 9.586402214324508
3766.989895655848 4.210541438389327 8.480636232117345
3767.823640311745 3.5134756605772894 8.177453867204084
3769.5032845925225 4.392433833136251 7.972236357966722
3788.7678977365968 4.195944030176904 10.592816051659744
3788.930353609129 3.90448783604545 6.062706934876328
3819.629303770719 4.0209626925217465 10.486986632043145
3822.321314099507 3.9824722700873902 10.475491572888826
3822.617919718708 3.5561826254625357 10.598827294839836
3834.6464590166242 4.451747728951635 9.66548648215641
3858.531097656681 3.848000567975305 9.192490096721468
3900.9082893248174 3.9603338411037976 8.974857654578338
3915.0987052157734 4.381702498403222 8.22989084148927
3929.6475390042237 3.935429211968594 8.305480217611121
3933.704370387106 3.512880757536062 7.266383106676246
3934.706875397635 3.6012691781476023 9.64581895727537
3950.3507354434682 3.930476262984504 10.926606825008761
3955.886423278199 3.5822643082497803 10.717364322733143
3984.4797081359384 4.1199323489612105 8.331977185186311
3988.8090423627455 3.6900275301775194 9.837930726489207
3993.4026340333817 4.103881673798465 9.074054060893332
4008.740772152889 3.698181095620482 9.482411611766699
4010.772771321321 3.5275659808912048 6.399919745189371
4013.3132155527146 4.3783485851668 10.7741428644676
4014.7057447717148 4.247748947224735 6.01736235509152
4030.6912651226558 3.78887406904614 7.510755087599888
4038.893329246354 4.045311745288637 8.556360482251387
4043.069050675798 3.6221838936414135 9.96538542537546
4043.7695775684365 3.9599195665630735 9.288038647605841
4043.787511667551 3.51519050855903 7.729852282314678
4047.3250236239965 3.5218875434226558 7.067193306585439
4050.3599340321525 4.359435168595927 7.67149500058342
4051.482753993366 4.295953444714037 7.801493836016852
4068.0260445704557 4.375699536047534 10.295689817041088
4073.750148829655 4.295177273045111 9.49308401840531
4086.160085296265 4.129814194893346 7.061498907346457
4100.221065763276 4.304683140576015 7.156663545101605
4103.092561057793 3.796190845765847 8.914723548268285
4104.44687426369 3.683269407986681 6.893690316201309
4115.18381658986 3.660950890654007 9.892866935791034
4123.938751431409 4.339669066541534 9.266717179683205
4176.58777511177 4.132417259014321 7.857185115517899
4195.036568633542 3.5023915818062967 7.441107453199012
4210.935616492095 4.1920764490157785 7.708442863918931
4213.6695587314725 4.312667789124141 7.652964679652187
4220.20492806956 4.115740382639493 10.345224989204826
4226.191856342303 4.038440992416218 6.5032844463772586
4238.350264949761 3.665776951993337 6.141045041533734
4238.9813598382525 3.907728920231274 8.36099684418492
4242.231194486054 3.8435505694442114 7.927987875267531
4256.839055813256 4.4064296533098934 8.62199594171937
4261.05954699132 4.274049378965182 10.099690027131494
4274.451663758489 3.5506908436206626 8.068531074076034
4303.521276991602 3.8152616644596042 10.946966156613898
4307.098829257186 3.908939795585432 9.155778124217253
4311.58525422355 3.6818890130376123 9.828746572246873
4312.41345477438 3.89802044020624 8.419847690778292
4318.290057259785 4.2486383872239815 8.63757931222478
4320.155853918766 4.3414804568894265 7.666766599435786
4329.996814842206 3.7899349272273852 7.2018822269103335
4332.4047434898075 3.6542902772146415 10.230108625554644
4333.044635822454 3.8124791375006617 8.607125930783017
4349.277532805837 4.152821649245671 7.58596851972497
4356.54018955227 4.119160563180109 6.7168865114587115
4373.708982798321 3.7977516558265503 9.677393197182365
4376.623171168528 4.009377063938787 6.466657563977423
4383.577468582539 4.342322073202781 6.494836873833692
4384.710911273144 3.8104560964477634 10.827551202435215
4397.329636787881 3.9649676033826253 10.445289801368805
4397.490692913547 4.082264567682761 10.501295764443324
4432.630522142232 4.104430916712749 7.601290622735544
4449.129803476745 3.610404298396627 6.4328363146064715
4459.049671676402 4.199472733964636 9.826447559697161
4460.1251460012145 4.417988720780028 6.80679014673506
4471.54664300899 4.3202310446658 6.315064818080971
4475.438859553301 3.5893765946189884 6.8160762669315265
4482.686072087834 4.238225324392508 10.924018821189698
4510.787087359109 3.8379446154195893 7.6108528318579545
4539.768504781292 4.28836734483405 7.563233289120644
4545.882056932032 3.6304234308840972 7.551469936932756
4555.520467976426 3.9761894600177206 10.955960070832967
4566.380752623792 4.221927196737565 10.792708569467841
4574.078914347294 3.763127394119305 10.988401116784786
4575.657165358717 4.17102505571398 10.381969057384158
4577.825156972958 3.672639739969638 7.170526503283931
4595.735320061437 4.267578718879107 7.286309233920493
4607.844548082407 4.479566591622881 10.290704589664587
4613.948267645858 4.3079244420606795 7.444694192018888
4627.7199706104875 3.847514144966702 10.244487910703377
4633.027656087489 4.086166179272015 9.25436995334797
4637.161673178742 3.948672271279178 9.488549592665105
4644.509584375357 3.970641493686808 8.683021646033216
4658.61791104141 4.246614019786457 8.555281155607684
4664.8975618679115 4.2554668423348 8.025608907633046
4677.960833117538 3.7367096957978854 9.742111539750805
4685.200878604362 4.238776271558011 9.39877208717794
4707.56239355046 4.219718042457673 10.818749214092808
4718.258187250486 3.533164468625204 6.892286701781156
4738.657843921357 4.4098656583378855 7.946287661001106
4762.584843301395 3.832696846857426 9.242269283043392
4778.5005000776755 3.644992443869077 8.912734279644045
4796.242379579035 4.468569239718086 6.684487620047498
4799.7915366003535 4.3627121285512604 10.044422190920372
4806.088996669451 4.209440985985469 8.573099355079108
4823.408586068195 4.158948731758347 7.757922128595213
4823.502022635963 3.627562882479736 7.719053245940938
4829.4079678995995 4.067173248417343 7.532299815796513
4840.65428796013 4.00421301740589 6.28112575616751
4850.083611645881 4.363516097666852 7.246429417864211
4853.46629170104 4.42639791680484 8.793783671551989
4860.384061983678 3.905210136317876 9.082820552861246
4878.84120419706 3.549873968869798 10.046070293232662
4883.614240058914 4.001187620193934 7.725823349277257
4887.3900566535585 3.7353502250806345 8.856845529380044
4894.096346079639 4.2505995534140615 9.625554446514695
4939.642205583013 3.503390274867642 7.09852237560565
4946.65602731652 3.743496368057729 6.850769119232001
4946.9680962705825 4.036989200065067 8.772797749733769
4957.482432310859 3.694039807991924 8.298359451884263
4967.792560488152 4.012351258513289 9.019155705403566
4983.374008508584 4.347606709027924 8.6465202670269
5000.1500760396575 4.455643000288084 7.932591021410614
5017.818422475063 3.504660077196146 10.921740409257843
5018.340624103053 3.794754841396308 7.250643884121647
5020.979688451238 4.396960321136339 6.619565214949617
5055.2614314979 4.071877530835343 6.329271416970117
5069.775602038916 3.80565688049475 7.79656457879001
5094.072612117292 4.094351003354214 9.528407775693282
5121.335243945142 4.07582014375121 8.754689429927033
5122.324824414881 3.651730247655709 7.234003037667062
5125.721058525902 3.9057962748741977 10.520249656649963
5139.821576670299 4.154718876653194 10.478545116448121
5147.455902369614 3.684468311773888 10.230956364372979
5151.156984852342 3.9857894636783424 6.5549906694029945
5161.319141096253 4.293434883834283 10.37784816688209
5161.561506821298 3.6005216183029174 7.792020922427301
5250.503079243097 3.743982420552051 8.741611227980995
5263.161849998832 4.255260039450459 10.946769266377572
5272.957446601389 4.492054696160631 7.625517759801928
5280.646217900698 3.5536660972676546 10.047029991992956
5295.894857848047 4.15655987406789 10.065339044421547
5313.339009229146 4.21177673270746 10.95877534435025
5319.276793867812 3.5910458101384064 10.131957161909098
5324.685353917377 4.214134154072183 9.126959996785835
5330.412747240457 3.6052312774172806 10.579426829772542
5356.65745252289 4.455685210415243 6.330541998911721
5363.103959930022 4.167711616437993 7.0219599783860325
5363.7091153652555 4.385654532994111 7.476573073677381
5369.422898094565 3.7795679754263913 6.939795094597105
5372.649521122679 3.7549015064352798 7.562302846665519
5387.165543778223 4.097338661835564 6.102483921477805
5398.209438156555 4.1662648900951185 10.212553628263304
5403.769497161285 3.8986257442709413 8.821833122084598
5409.235643667829 3.7437839217332405 10.545069009797457
5411.791794479442 3.6440669626453106 10.130913488882348
5419.206118948187 3.8271411548927596 10.896448740251028
5422.479962134644 3.7877442275808724 8.300111748017454
5446.01843640759 3.5930654945970972 10.844751984604546
5448.988174200886 3.7982358787519317 6.616616465185178
5456.208593888558 3.7130990506581343 8.966369858104413
5476.635183383567 3.8835819399797367 6.262648215250357
5477.700645300443 4.3689473612864616 9.306146762299049
5479.688831418673 4.029590003818484 8.724268407685644
5480.641443627815 4.491138666660918 7.902134563465942
5484.397484015601 4.348586127017268 10.74213364398911
5489.3721923665635 4.460911442357294 6.037931130010685
5509.591462431968 3.5651354508484268 10.96515134607041
5513.6055567679605 3.5943300284788577 10.827873849446984
5523.242706676933 3.84324271674201 8.328402642221102
5537.634051805538 4.254056903373814 10.073080693310047
5544.943806873258 4.16318288289877 7.270323825355988
5559.4542839689 4.238679099103995 10.308191482410097
5563.658988120786 4.415246730825327 7.110312520170758
5569.106948390742 3.5243809863169058 7.141869244674432
5591.955506081174 3.738081217353237 8.055975102610883
5597.588413583988 4.279991858421929 10.296133280228775
5609.088959372261 3.8145008712584154 6.024832893984198
5613.67783849373 3.6369880755087713 8.968555956693004
5642.716526691022 3.8754846072930778 7.733054471942347
5658.749639456302 3.624167925726523 9.065761236227521
5661.60541521163 4.175645728873118 6.3748600470561
5665.838155079258 3.634274248264635 6.995182461274285
5669.256356147225 3.5836500240514306 8.04851543197601
5671.109291844925 4.157299703901015 7.809279895532234
5672.104506725562 3.887073260339301 7.559052398006704
5700.355210464796 4.079523850466807 7.179178713821704
5717.367062893208 4.014807642423703 9.545489887940176
5719.412054196284 3.844566185219057 6.990028150181808
5726.048596510895 3.8520363040213415 6.357915212108385
5732.702602487942 3.6455734168008918 6.8903917663019225
5742.8747903052235 3.641088795906088 8.461445423320562
5742.984779899412 3.577902841356424 10.883763060277394
5757.281682808033 3.7859587426704637 8.543842802466274
5760.310968409281 3.725899354789962 8.556576765482163
5769.532139711092 4.020575372209196 8.978065296839471
5769.729078729663 4.215219239635374 7.022165864290048
5785.964581226747 3.8322602339980723 10.670933916262637
5795.836594801181 4.081833328491475 6.3573480121562325
5799.516214263573 4.497691621679644 10.903598203920819
5811.527945438693 3.9321830759948933 6.487768186007468
5823.536509496061 4.432014026093095 7.03430139365144
5836.857635012016 4.078274357408554 6.038661189552225
5856.771707703728 4.356802448275779 7.164330069605478
5875.068927951663 4.285212381713908 8.153840523682117
5884.459625513959 3.6184591301286595 9.369920167080064
5930.916350965461 3.7028870740164637 9.577464146122177
5934.237002402472 3.94877525805895 7.914656804872537
5937.150519735927 3.694481517335862 7.772795225395751
5974.864842533367 4.4694178617071945 6.306004413695407
5981.125708806317 3.9059683673141583 6.377699478256498
5993.253874769701 3.994860574011159 9.495987687486917
6015.55499507052 4.3893471695229085 7.018304032196208
6043.204313213808 4.3978385232780575 8.392277129177732
6047.452466910174 3.7485709362785804 6.42338953490971
6058.532564694121 3.584031422483686 9.288664641719604
6068.149779265136 4.119379648396717 6.091697435629042
6071.868082194353 3.8968335135844843 6.15606978742774
6077.1279067300275 4.426135769457921 9.466117351996424
6090.981290165964 3.52385649367623 7.538777770326432
6113.617364693382 3.7048663736937755 10.184611208862902
6113.823823128743 3.790697660104032 6.15137748925191
6118.840018053741 3.9628855380357972 8.580334015167157
6120.1605367373095 4.401734340663879 8.803877336248632
6123.0423631022995 4.010014819279898 7.826456388022193
6124.089372528815 3.9654011720525517 7.522902133095423
6124.977549154009 4.38760873477489 8.756774097693285
6126.929163909297 4.436477741710364 6.070434142698046
6129.087886973792 3.7726258449446934 6.784418057687939
6132.250584590618 3.571695868686335 8.808798821696076
6134.690210958901 4.438886566034748 8.641252031981445
6140.937522556903 4.22943580932298 9.141016187505386
6144.806234061556 3.624151523718594 9.947610767057826
6155.830561394647 4.236703080584091 9.811469182077735
6169.224583108047 3.7142784027789397 8.024457919191715
6169.969645230094 4.141201235663707 6.001082867797122
6182.680878404732 3.91941773060822 9.800274600533884
6183.81142387245 4.318307284224579 8.382178544740748
6188.830605454076 3.572556918494039 6.564110591627573
6192.017431035578 3.551339222002596 7.0088759523238435
6206.118740427444 4.039946571303554 8.421311547600471
6242.272400036799 3.612214251972425 7.421024008864447
6256.767520587311 3.809683178475205 10.99030728054976
6256.990367324914 3.5042795086250282 8.030937998573913
6257.411865698008 3.8869786691656385 7.883538009254512
6260.963937834219 4.168930340458662 10.81918019727544
6262.576810851325 3.975970690917243 10.493894044468597
6287.117560972403 3.7591715276859707 6.60353973071467
6295.0571221476075 3.9280588601409 6.895067008699072
6310.202281806241 3.945718838108195 7.777017228437421
6314.912284339904 3.508421085255918 6.450578384228314
6325.149557567956 4.202104100816429 8.144393180463016
6346.378577743088 3.8775833769100325 6.351203804416246
6351.341092387966 4.318571111790034 9.012818869769424
6376.482958216233 3.8559989343906285 9.698575360000651
6384.925664902354 4.052211274314871 6.269316934261634
6392.721978844084 3.733289241445972 8.591520737931033
6398.489805669274 4.471534343999011 6.627569312350954
6439.553749079401 3.8626276327827593 6.647387445733311
6446.56073390022 4.073492093220472 9.740438138379048
6447.798506699102 3.854542873046979 7.837892682387933
6450.764145740684 4.307824080742223 7.484185541015311
6458.426500632532 3.8431754661967377 6.520011120340423
6458.586822538123 3.6878370851235243 10.294059370630656
6459.39438975977 3.796005111045952 9.286365355919418
6468.220092683614 4.422689813373459 8.138188369726091
6468.947876228451 4.322936648269099 7.6691130616338015
6480.592835126954 3.7009431809350315 6.493850479603772
6485.470557894865 4.409053561670541 6.393634087631111
6497.500167904382 4.152764276304763 9.595373715170563
6507.807569534539 4.431012375980369 8.005579020127756
6511.289027799358 4.055040794260201 10.629337612898695
6522.291128975171 4.098091615149929 7.942620569009087
6525.889966212752 3.854837627666006 7.848866056132367
6526.345717342937 4.456186227952378 9.454549843461725
6528.564542246553 4.089523932784244 9.093653597741909
6528.695486791587 4.458276331695767 10.532475556002007
6530.879661222787 4.401092205673516 9.829613084075163
6537.813371106964 4.329682029595268 8.460047826931893
6548.979910715372 3.5860038723124026 7.5526007412147305
6551.894721362934 4.206454793837156 6.428249424766814
6553.065712590734 3.615929475383293 8.5628972065136
6556.850267229527 3.658739048612328 7.393096429285658
6578.730465517003 4.156712744487985 6.62967090607046
6584.823137058348 4.045692837823428 8.491862718288388
6589.251603021122 3.800561033770875 7.082004600513352
6598.188652267417 4.37363623854913 10.99298143490103
6608.256649190972 4.2663983705355015 8.37248949324313
6615.798656402845 4.112261260694071 6.481607694850787
6617.009916065013 4.140972702235299 7.138323978676489
6618.463860495053 3.9436264919683657 9.029395025231636
6620.870415979278 4.482728224463255 9.971168780013624
6623.999124536383 4.218464532625985 7.708711407015446
6628.23155527575 4.173753558346706 8.745382703652261
6635.192652344852 4.034258874836535 8.93341307545516
6639.485224694378 4.384086473528489 7.751462117908124
6643.592829707441 4.123393802610723 8.25168616380099
6644.2682516737805 3.6092795455128934 7.274687779787659
6662.388474371908 3.833113923049672 8.618414919811192
6662.867760432816 4.344114322364896 8.840754013862941
6663.08124368836 3.927301375793513 6.824675738454934
6696.500864275659 4.402914392734908 9.650663802813183
6697.63376258515 4.277485071303567 7.921706532639804
6710.858656126603 4.480924643665403 10.341916842483908
6719.588159797885 4.323446805182581 7.271876342397116
6721.903542651702 3.823343018608243 10.033833922570405
6737.892243001075 3.64036273700836 10.36731430619605
6751.737167573727 4.489706425599661 9.182505051483325
6753.188779531843 3.8973040101841274 8.336739915393995
6754.708707164245 3.6519119659117827 9.822904931726004
6769.669414180256 4.36191844561996 7.927320347802027
6778.03995936811 3.731326826439323 8.102275494635837
6784.504669535668 3.5616460067086813 6.209043717339654
6787.812254408627 4.016668218950834 9.130808014817958
6810.639745590937 3.9046339974574016 8.029689070134065
6811.2193962955835 3.742611189103274 9.692210655331092
6812.48088458672 3.857379109843902 7.466867935087414
6826.219293035691 4.165478034401847 9.620283590530883
6830.510788214492 4.056866111991278 9.67538431818965
6835.209857776886 3.8726103672544845 10.821935558018417
6835.510174062719 4.460540591043274 8.670261440281296
6845.868375269562 4.0208367822734905 6.93144361538484
6861.407460227162 3.5463963656953505 10.706065709630767
6864.347825934233 3.5613708822271932 9.570227631532372
6864.626377756665 4.393869153209648 7.708121060122437
6876.468195791731 4.150173466908301 7.671116477952632
6879.797066975108 4.147413225337423 7.578681548284537
6886.156417548181 4.384938657742577 9.041272493719037
6890.222856980612 4.071214213866788 10.512679607084024
6910.964710423011 3.822038663375291 10.366204829247351
6921.867496769664 4.049943765040868 7.967022365843285
6926.6810908565385 4.396722785360173 7.589639921609431
6944.856100866394 4.240085706240518 7.236594575041629
6952.936540112347 4.371901480359279 7.375008692455513
6966.59959063129 3.6988604123534836 9.53717692596313
6979.04008414345 3.7925559357832843 7.623709332986119
7008.267694136608 4.006705429115714 8.39460212754598
7026.547837789911 4.392786881803143 10.112638850958163
7029.531268131718 4.386022433197196 10.610185605521231
7037.881116701248 4.192195367104848 8.483162570246419
7038.949557720465 3.955707418160146 7.218369548589685
7040.807791618323 3.5060425675032545 8.018681149948701
7057.216436894322 3.5318023581372993 8.135654036337568
7095.015262349264 3.553985231066807 10.295198767985035
7109.05990322608 4.285027971585626 7.549694101270812
7109.395773187783 4.22021372841662 6.341701146771225
7111.099421507784 3.5406660570457493 8.736879286627406
7117.455869057406 3.814922191909499 7.514610446432141
7122.122381882355 3.999036304801742 8.779741638139711
7125.009164462716 3.817351872887135 7.763188743181301
7130.738984438805 3.5254089808020534 9.988113843729339
7132.193780587061 3.8183452865451493 7.963020960834607
7147.731908860833 4.104537134643917 7.479421306420826
7150.072187939258 4.430424566080711 6.383259966720776
7166.360397507713 3.5714992252471784 6.372666406626015
7172.636723516568 3.6879382701079657 6.468084626901718
7172.901242208834 4.261313805094968 8.477055016539344
7184.796488901785 4.3889142900849185 10.22248632807255
7188.121285068311 3.7025346360621403 8.866804564310696
