3.2727640178205464
2.7315555066041433
3.475129165529932
3.038463739318801
3.136559125909927
2.8412942973909114
2.685371549492854
3.0343496578676468
3.425097454614347
3.393170811792258
2.909098078705069
2.524531306156505
3.40097620149529
3.1124098660415136
3.497438060737464
2.5821341660765045
2.800673995786836
2.765389556404292
3.061478497682366
2.8250834764558617
3.0435703832851493
3.3983685606507414
3.394196501321114
2.9358998790454884
2.6314552428377604
2.5694628967038136
3.2905333847699225
3.4965843419572105
3.1224828980162482
3.169526735796991
2.5649852071374593
3.2774419138947746
3.0804284805713875
3.0778354000409935
3.4142984658498046
2.5676959423109156
3.0847945709812867
2.9991783095732107
2.576435225199131
3.424447149982627
2.7562612959882493
2.5859922617496505
3.0770988285508865
3.1699078912416567
2.6704509631069726
3.370247299137733
3.2173356520257683
3.0055847818483885
3.0064360099023397
2.5807180722386516
2.7537133607226916
3.3934650507181274
2.5676871756773223
2.942431836561078
2.7690799672277366
3.082288424740407
2.6189587427026098
3.4794412412059854
2.7060381216509697
2.6992088337888442
3.272904155214574
3.3466906197377337
3.2790815823169526
2.659304109629099
2.763327543876962
2.8831169435131363
3.4625027473674486
3.3020926901433625
3.1009001411998898
3.1583098489968853
3.0517177873461385
2.5348392140025173
2.656533903442723
2.7691170988011162
2.794023373744547
2.989529448486107
3.2178280490469446
3.4508791654830855
3.1050395520418634
2.62914878774916
3.3991558032304403
2.551575876852621
2.6331246628733753
3.3144366456501446
2.678363141580776
3.441726680435647
3.0386498625810687
3.4429470833194635
2.735382953381805
2.604507093025876
3.427706470433476
2.6146546431956743
3.405011391118881
3.2780866303721794
2.501236905122619
3.41875016533813
3.1713463306262506
3.286186998298705
2.776700663033722
3.066597299253834
2.5195434668148087
2.6211923654745846
2.882450387359408
2.8462059665572936
2.926338522836446
2.589846425803357
2.5560605841469166
3.251759040899134
2.866733270030389
3.2229561758361918
3.044349023633171
2.9297119506959852
3.4733311492374477
3.072208553984862
3.0704721905273002
2.8223092580231706
3.4241541107047944
3.2686871709977776
2.5565758496253284
2.86969922479528
3.3731657885088175
2.668890103072099
3.367321512792505
3.150013865421376
3.1122372859507204
2.72753923567377
3.3112900281372277
2.761785026388959
2.7430814978152545
3.1657681027197966
2.8559220120262037
3.0559442137538557
2.5063998919981083
2.9281056260038762
3.343501122688818
2.9559412207128877
2.7356129528101105
3.1921472793396353
2.773954997057241
3.4486467014828586
3.4260001655623045
2.862938238236511
2.9311364308112333
3.094405129298047
2.567285619468664
2.924847240228071
3.40792451941122
3.098890733652991
2.697343834779531
3.116923883999361
2.572585123790114
2.7485451580205487
3.20765032354944
2.811739725313579
2.816657222007784
3.470334926882675
3.4681265418753355
2.6705982237916377
3.377839776328837
2.648902214687044
2.8725966991833802
3.1859510969500326
2.734348722398847
2.6366205294729648
2.9730564194453923
2.565563906964223
2.9711437978811692
3.0246091190805915
3.245858303329845
3.267318078552211
3.206412653642044
3.146317599033416
2.9837315422163613
3.2590764712699314
2.7630524833337264
2.5743102423939415
